11111|4634239|5856372|1479124
27889|2772589|3155547|7697551|5677589|4833312|7786445|6676758|5923432
26028|7281246|5563434|6739512|7772564|6854575
32846|8456136|9032245|7825368|1145236|4702412
29456|3586892|5296436|6184625|7809854|7118025
33792
22222|1234567|2234354|4379923|5823384|3827734|1898234|2847656|3856967|3155547
27900|1234567|7486556|7274645|6334847|5245486|6544032
38840|8182434|1122334
39872|8121934|7710736|8511879|8583125
40158|8274046|8144556|8331157|8428468
41005|8693701|8756812|6656542|7772564
42044|8865723|8934634|9112456|9238767|9054545|8359342
42513|9324778|9412789|9515723|9613634|1499456
42987|9722745|2345678|9939767|7823412|3827734
43190|5845789|6887690|7854901|8905612
44501|9042123|6135234|9412345|5375456|9456577|2546478
45328|5674289|9711890|5810901|8900112|9412345
46794|9129123|2192134
47820|8591345|1499456|9295467|8599678|9974989
48932|1234567|4959101|9998412|1499456
33333|2234354|1948934|4947945